<?xml version="1.0" encoding="UTF-8" standalone="no"?>
<!-- Created with Inkscape (http://www.inkscape.org/) -->

<svg
   xmlns:dc="http://purl.org/dc/elements/1.1/"
   xmlns:cc="http://creativecommons.org/ns#"
   xmlns:rdf="http://www.w3.org/1999/02/22-rdf-syntax-ns#"
   xmlns:svg="http://www.w3.org/2000/svg"
   xmlns="http://www.w3.org/2000/svg"
   xmlns:sodipodi="http://sodipodi.sourceforge.net/DTD/sodipodi-0.dtd"
   xmlns:inkscape="http://www.inkscape.org/namespaces/inkscape"
   width="430"
   height="370"
   viewBox="0 0 430 370.00001"
   id="svg4200"
   version="1.1"
   inkscape:version="0.91 r13725"
   sodipodi:docname="fishy.svg">
  <defs
     id="defs4202" />
  <sodipodi:namedview
     id="base"
     pagecolor="#ffffff"
     bordercolor="#666666"
     borderopacity="1.0"
     inkscape:pageopacity="0.0"
     inkscape:pageshadow="2"
     inkscape:zoom="0.35"
     inkscape:cx="319.32269"
     inkscape:cy="421.2459"
     inkscape:document-units="px"
     inkscape:current-layer="layer1"
     showgrid="false"
     inkscape:window-width="1920"
     inkscape:window-height="1028"
     inkscape:window-x="0"
     inkscape:window-y="0"
     inkscape:window-maximized="1"
     units="px" />
  <metadata
     id="metadata4205">
    <rdf:RDF>
      <cc:Work
         rdf:about="">
        <dc:format>image/svg+xml</dc:format>
        <dc:type
           rdf:resource="http://purl.org/dc/dcmitype/StillImage" />
        <dc:title />
      </cc:Work>
    </rdf:RDF>
  </metadata>
  <g
     inkscape:label="Ebene 1"
     inkscape:groupmode="layer"
     id="layer1"
     transform="translate(0,-682.36216)">
    <path
       style="opacity:1;fill:#366fc5;fill-opacity:1;stroke:none;stroke-width:0.90571427;stroke-miterlimit:4;stroke-dasharray:none;stroke-dashoffset:0;stroke-opacity:1"
       d="m 387.18295,983.37344 c -18.40682,-8.56487 -61.03556,-34.34669 -72.1153,-43.61537 l -7.05429,-5.90102 2.85291,-7.47922 c 1.56911,-4.11356 4.61973,-11.47003 6.77918,-16.34774 2.15951,-4.8776 4.58298,-12.17111 5.3856,-16.2077 1.86675,-9.38931 1.93591,-37.48779 0.11427,-46.42492 -1.23577,-6.06227 -2.03955,-8.26708 -9.60405,-26.34256 -2.03845,-4.87101 -3.7176,-10.63321 -4.0215,-13.80082 -0.51468,-5.36422 -0.46951,-5.49629 3.31625,-9.69704 13.27694,-14.73231 78.51498,-71.53507 89.23171,-77.6938 1.37362,-0.78949 3.19229,-1.20149 4.04154,-0.9157 3.65384,1.22984 -0.87578,13.43723 -21.13106,56.94878 -15.8562,34.06163 -24.0792,52.61726 -27.02658,60.98688 -4.87602,13.84676 -4.55052,30.21778 0.99771,50.18683 4.88776,17.5912 7.03287,23.17802 30.30533,78.92571 3.70929,8.88527 6.74417,16.43387 6.74417,16.77464 0,0.34071 -0.55213,1.28186 -1.22712,2.09138 -1.14723,1.3762 -1.64059,1.27952 -7.58877,-1.48833 z"
       id="path4152"
       inkscape:connector-curvature="0" />
    <path
       style="opacity:1;fill:#366fc5;fill-opacity:1;stroke:none;stroke-width:0.90571427;stroke-miterlimit:4;stroke-dasharray:none;stroke-dashoffset:0;stroke-opacity:1"
       d="m 245.05159,1033.6477 c -26.5112,-6.8317 -62.76052,-21.2177 -62.76052,-24.9073 0,-2.3189 4.94931,-4.6185 31.3449,-14.56417 26.47009,-9.97361 39.72189,-14.11173 42.19047,-13.17477 1.81275,0.68807 3.58347,5.40809 6.55924,17.48453 2.45901,9.97931 5.37596,26.89941 5.37596,31.18411 0,1.0442 -0.97826,2.8662 -2.17403,4.0489 -1.83017,1.8102 -2.98581,2.1396 -7.30704,2.0826 -2.82324,-0.037 -8.77624,-1.0065 -13.22898,-2.1539 z"
       id="path4150"
       inkscape:connector-curvature="0" />
    <path
       style="opacity:1;fill:#366fc5;fill-opacity:1;stroke:none;stroke-width:0.91331327;stroke-miterlimit:4;stroke-dasharray:none;stroke-dashoffset:0;stroke-opacity:1"
       d="m 252.65453,763.99734 c -3.31922,-0.91966 -10.10851,-2.98632 -15.08737,-4.59231 -13.37895,-4.31585 -27.57661,-7.64143 -49.222,-11.52932 -21.70572,-3.89871 -25.78343,-4.83311 -25.78343,-5.90788 0,-3.19217 35.56399,-22.40583 61.64238,-33.30284 22.64543,-9.46237 40.41122,-13.27134 45.75554,-9.80995 2.23511,1.44769 2.26849,1.6056 1.69128,8.00111 -1.63879,18.15597 -6.95651,50.45889 -9.10563,55.31276 -0.88199,1.99198 -2.11039,3.59457 -2.72981,3.5613 -0.61931,-0.0335 -3.8418,-0.81305 -7.16096,-1.73287 z"
       id="path4154"
       inkscape:connector-curvature="0" />
    <path
       inkscape:connector-curvature="0"
       id="path4161"
       d="M 135.8198,989.08117 C 92.103408,985.66892 56.697528,964.51757 38.681318,943.82226 4.3071277,914.50923 5.9872177,859.32304 22.640388,829.50722 c 5.10592,-9.06312 15.2916,-19.74705 32.57803,-34.17193 73.392892,-65.73189 171.175172,-42.45638 222.300072,-20.54092 23.20923,9.856 61.49974,110.65684 31.8711,159.29956 -37.94345,45.50792 -114.47977,60.79367 -173.56979,54.98724 z"
       style="fill:#892ca0;fill-opacity:1"
       sodipodi:nodetypes="ccccccc" />
    <path
       inkscape:connector-curvature="0"
       id="path4159"
       d="m 110.1997,961.96954 c -16.295505,-3.8583 -37.33767,-21.94807 -37.33767,-32.09901 0,-3.51458 0.871423,-3.69108 10.692923,-2.16535 5.881113,0.91363 24.567917,1.34868 41.526277,0.96671 16.9583,-0.38202 32.76862,-0.10086 35.13391,0.62477 6.66678,2.04506 5.41626,9.54203 -2.74706,16.46943 -16.17438,13.72564 -33.15242,19.54566 -47.26838,16.20345 z"
       style="fill:#000000;fill-opacity:1"
       sodipodi:nodetypes="sssscss" />
    <path
       inkscape:connector-curvature="0"
       id="path4151"
       d="m 251.04813,1045.6821 c -20.54885,-2.8921 -41.30813,-9.1867 -74.29089,-22.5265 -16.3142,-6.5983 -40.13228,-15.5584 -52.92914,-19.9113 C 69.748879,984.84888 30.652806,959.40063 14.149609,931.85268 -3.2471906,893.26086 5.5180698,842.75721 28.428148,814.83969 c 24.4245,-29.59027 48.464907,-47.92536 78.976182,-60.23344 8.28031,-3.34021 31.06828,-14.64039 50.63998,-25.11145 62.77015,-33.58282 114.96009,-50.02071 124.36527,-39.17048 3.18515,3.6745 3.18649,7.22017 0.008,23.23909 -2.06237,10.39665 -3.79099,28.02441 -3.84145,39.17282 l -0.0917,20.26974 11.42342,10.94004 11.42349,10.93999 9.53611,-7.62267 c 5.24485,-4.19249 23.83086,-20.25149 41.30221,-35.68672 55.0011,-48.5911 57.95184,-49.64723 55.79733,-19.97111 -0.88641,12.20868 -5.37852,26.61434 -17.02189,54.58707 -8.69982,20.90076 -17.53261,43.30855 -19.62854,49.79499 -8.11134,25.1029 -4.05007,45.71485 19.67006,99.8302 12.40592,28.30306 15.67875,38.83725 16.8211,54.14103 1.31694,17.64341 1.03127,19.00071 -3.99869,19.00071 -6.17096,0 -43.45899,-21.81137 -76.51514,-44.75696 -12.29746,-8.53669 -22.71348,-14.53444 -25.65516,-14.53444 -2.94164,0 0,0 -16.96736,12.06851 -13.74563,9.77697 -13.67102,11.08768 -11.84306,26.55696 1.00579,8.51141 3.60049,21.06573 5.76604,27.89853 6.03039,19.0271 5.26418,26.5059 -3.02478,29.5233 -3.86177,1.4057 -7.8651,2.4087 -8.8962,2.2289 -1.03115,-0.1798 -8.06257,-1.1978 -15.62544,-2.2622 z m 14.24992,-14.7464 c 2.00233,-4.9959 -6.10954,-42.81036 -9.9781,-46.51433 -1.73512,-1.66125 -12.04436,0.93317 -29.44313,7.40956 -14.72523,5.48126 -30.20691,11.14927 -34.40382,12.59567 -4.19691,1.4464 -7.18494,3.9425 -6.64012,5.547 1.81682,5.35 57.52449,24.5586 72.5243,25.007 3.43465,0.1028 7.00801,-1.7175 7.94087,-4.0449 z M 193.7959,985.33154 c 41.22923,-10.09585 82.31909,-35.13563 104.06232,-63.41457 14.66519,-19.07333 17.54574,-28.47604 17.5653,-57.33739 -1.01025,-14.07349 1.67288,-6.63346 -8.32002,-38.48369 -21.78521,-69.43577 -145.60764,-92.3803 -214.734339,-52.94011 -25.016228,14.27305 -51.436324,41.38534 -64.291428,65.97595 -9.787591,18.72263 -11.004203,23.13247 -11.004203,39.88768 0,24.51363 2.783349,42.07692 27.244371,65.71907 31.78357,38.87035 103.405089,53.67316 149.477999,40.59306 z m 196.03209,-8.14909 c -0.48762,-1.98198 -6.9323,-19.08037 -14.32156,-37.99641 -20.96105,-53.65887 -25.25145,-76.41122 -18.71863,-99.26734 1.64797,-5.76571 12.11125,-31.51142 23.25173,-57.21263 19.80842,-45.69822 23.2026,-56.7916 17.37636,-56.7916 -4.90146,0 -82.02488,73.96216 -83.67088,80.24117 -0.92269,3.51983 1.5585,13.16981 6.11291,23.775 6.44752,15.0133 7.66593,21.59937 7.66593,41.43752 0,19.85205 -1.21696,26.4211 -7.68544,41.48414 l -7.68539,17.89708 6.43312,6.67109 c 8.67289,8.99361 65.92314,45.59233 69.37881,44.35223 1.51222,-0.54267 2.3506,-2.60832 1.86304,-4.59025 z M 263.89615,753.22168 c 5.24439,-29.36315 7.63685,-48.94292 6.24396,-51.10073 -4.53787,-7.03 -32.26597,0.49717 -71.03642,19.28365 -26.42787,12.80587 -36.42118,18.99703 -34.15925,21.16271 0.77933,0.74618 13.09526,3.16712 27.36869,5.37991 14.27343,2.21279 34.57417,6.91316 45.11276,10.44527 10.53859,3.53205 20.39284,6.12479 21.89832,5.76164 1.50553,-0.36321 3.56291,-5.28278 4.57194,-10.93245 z"
       style="fill:#000000"
       sodipodi:nodetypes="cssccssscscccsssssssscssssscccssscccscscssssccssssssssscsssssssssss"
       inkscape:export-xdpi="90"
       inkscape:export-ydpi="90" />
    <path
       sodipodi:nodetypes="sssssssssss"
       style="fill:#ffffff;fill-opacity:1;stroke:none;stroke-opacity:1"
       d="m 64.96843,891.66275 c -29.824322,-13.80239 -30.741556,-57.95099 -1.612201,-77.59439 4.70561,-3.1732 15.236476,-6.09929 24.367481,-6.77067 13.37936,-0.98385 18.10227,0.0764 28.11602,6.31112 6.61951,4.12143 12.83658,7.49356 13.81572,7.49356 0.97907,0 6.02081,-3.25291 11.20405,-7.22865 20.0714,-15.39582 53.15873,-6.95112 68.30957,17.43424 14.26901,22.9658 6.01082,48.98462 -19.11056,60.21056 -16.7531,7.48647 -30.98264,4.45606 -48.60472,-10.35139 -13.99757,-11.76168 -14.1569,-11.81052 -18.80363,-5.76309 -13.11773,17.07243 -39.72055,24.57096 -57.68173,16.25871 z"
       id="path4241"
       inkscape:connector-curvature="0" />
    <path
       inkscape:connector-curvature="0"
       id="path4215"
       d="m 60.807047,894.97743 c -31.840589,-15.04768 -32.819952,-63.17979 -1.721129,-84.59558 5.0238,-3.45949 16.266587,-6.64965 26.014926,-7.3816 14.283881,-1.07259 19.326146,0.0832 30.016916,6.88057 7.06701,4.49335 13.70447,8.16969 14.74979,8.16969 1.04526,0 6.4279,-3.54645 11.96156,-7.88088 21.4284,-16.78491 60.23659,-7.5783 76.41179,19.00735 15.23363,25.03793 6.4171,53.40434 -20.40259,65.64321 -17.88582,8.16199 -36.56124,4.85812 -55.3748,-11.28533 -14.94389,-12.823 -15.11396,-12.8762 -20.07482,-6.28315 -14.00465,18.61289 -42.406,26.78794 -61.581643,17.72572 z M 102.95426,880.5011 c 14.09987,-8.00396 26.87468,-40.92378 12.17546,-54.03341 -14.69921,-13.10963 -67.574353,-23.7602 -67.574353,25.42866 0,12.20342 4.083282,18.71598 12.221046,26.29137 11.907734,11.08495 27.132888,11.4217 43.177847,2.31338 z M 89.287654,863.2342 c -3.555539,-3.30978 -2.635518,-13.07061 1.453745,-15.42328 2.041176,-1.17436 6.100943,0.0892 9.021496,2.80809 4.374645,4.07231 4.542685,5.80434 0.953645,9.8301 -4.72106,5.29539 -7.900055,6.07009 -11.428886,2.78509 z m 108.947286,18.37059 c 10.4915,-6.21254 14.09233,-20.28124 14.077,-32.85903 -0.0273,-22.6645 -25.34115,-36.26432 -47.39607,-33.25456 -34.25215,4.67425 -42.24371,40.84474 -12.29263,62.77634 9.79194,7.17016 32.62915,11.02483 45.6117,3.33725 z M 157.01431,863.2342 c -3.29965,-3.07166 -2.75704,-13.00073 0.82341,-15.06052 5.23765,-3.01345 13.8509,1.77802 13.8509,7.70505 0,3.09662 -2.41047,6.49124 -5.35651,7.54364 -6.63229,2.3693 -6.569,2.37053 -9.3178,-0.18817 z"
       style="fill:#000000;fill-opacity:1"
       sodipodi:nodetypes="sssssssssssszssssssssasssasssss"
       inkscape:transform-center-x="174.28571"
       inkscape:transform-center-y="-128.57143" />
  </g>
</svg>
